Problema de los 3 cuerpos

10 itearciones
secuencial = 0.049, 0.046, 0.047, 0.046, 0.052
2 procesos  = 0.225,  0.357,  0.252,  0.460,  0.205
3 procesos  = 0.219, 0.229, 0.254, 0.256, 0.271 
4 procesos  = 0.465, 0.563, 0.418, 0.390, 0.369, 0.373
6 procesos = 0.413, 0.352, 0.364, 0.480, 0.365, 0.339

1000 itearciones
secuencial = 3.721, 3.697, 4.360, 4.231, 3.571, 3.833
2 procesos  = 6.334, 5.343, 4.970, 5.453, 4.851, 5.065
3 procesos  = 7.583, 6.577, 5.489, 5.508, 6.407, 6.439
4 procesos = 7.381, 6.853, 6.684, 8.911, 7.552, 8.630
6 procesos = 7.962, 7.658, 8.828, 7.777, 7.925, 8.121


100000 itearciones
secuencial = 346.536, 350.587, 355.235, 350.246, 345.879, 354.509
2 procesos  = 563.082, 537.188, 535.091, 527.345, 533.844, 524.595
3 procesos  = 664.681, 686.412, 732.368, 719.907, 697.911, 648.039
4 procesos  = 737.561, 695.391, 696.352, 720.962, 702.831, 778.668
6 procesos = 739.652, 743.713, 743.500, 772.850, 740.537, 750.350

1000000 itearciones
secuencial = 3729.600, 3787.675, 3461.523, 3964.935, 3654.989, 3543.418
2 procesos  = 5643.085, 5420.429, 5550.996, 6289.869, 6995.275, 6786.387
3 procesos  = 6363.032, 6764.501, 8023.539, 8393.775, 8389.453, 8291.689
4 procesos = 7190.586, 7397.453, 7277.641, 8762.040, 8695.687, 8781.965
6 procesos = 7590.033, 7682.190, 7783.273, 9071.951, 9048.104, 9193.025



----------------------
Problema de los n cuerpos

PARA 6 CUERPOS

10 itearciones 
secuencial  = 0.108, 0.118, 0.135, 0.149, 0.107, 0.115
2 procesos = 0.386, 0.307, 0.974, 0.385, 0.299, 0.217 -> 0.493
3 procesos = 0.375, 0.258, 0.328, 0.295, 0.250, 0.302 -> 0.428
4 procesos = 0.316, 0.288, 0.325, 0.364, 0.454, 0.330 -> 0.371
6 procesos = 0.547, 0.613, 0.390, 0.461, 0.396, 1.033 -> 0.274

1000 itearciones
secuencial  =  10.362, 10.198, 11.032, 10.169, 10.597, 10.089
2 procesos = 13.485, 11.229, 11.510, 11.263, 11.365, 11.415 -> 0.898
3 procesos = 9.556, 9.678, 9.529, 8.976, 10.121, 10.136
4 procesos = 12.862, 9.383, 7.823, 7.317, 8.806,10.321
6 procesos = 9.668, 9.177, 10.406, 9.340, 8.478, 8.732

10000 itearciones
secuencial = 100.874, 101.890, 102.878, 102.323, 100.986, 103.776
2 procesos = 57.585, 53.618, 51.681, 53.565, 50.928, 49.194  
3 procesos = 84.059, 89.125, 88.890, 90.601, 91.497, 84.397
4 procesos = 79.866, 83.862, 80.846, 82.617, 79.220, 77.375
6 procesos = 160.791, 90.854, 96.050,101.073,109.803, 84.626

100000 itearciones
secuencial  = 1053.949, 1167.133, 1141.277, 1025.210, 1028.239, 1078.077
2 procesos = 646.724, 547.334, 514.156, 514.502, 548.429, 556.462 
3 procesos = 902.888, 908.161, 872.217, 927.587, 932.583, 947.897
4 procesos = 874.361, 857.190, 799.942, 817.513, 815.564, 826.813
6 procesos = 1041.975, 828.789, 783.873, 941.694, 853.274, 813.001

1000000 itearciones
secuencial  = 11047.952, 10958.680, 11524.788, 11197.360, 10361.199
2 procesos = 10308.623, 10128.871, 11697.814, 12338.885, 12058.878, 12286.854
3 procesos =  9391.956, 9234.073, 10801.708, 11352.162, 11826.179
4 procesos = 11529.323, 10718.850, 11727.165, 10982.326, 11671.528, 11131.545
6 procesos = 13786.174, 15619.887, 17939.593, 16781.782, 16746.944, 16933.497


PARA 8 CUERPOS
1000 itearciones
secuencial 23.823, 23.092, 23.411, 21.794, 21.433, 21.870
2 procesos  18.643, 17.851, 20.038, 18.031, 20.956, 17.525
3 procesos  15.525, 26.580, 18.988, 19.173, 23.292, 14.895
4 procesos  15.650, 15.201, 17.736, 15.110, 16.356, 17.180
6 procesos  19.238, 20.508, 20.421, 21.996, 20.930, 24.862

10000 itearciones

secuencial 213.830, 215.111, 218.423, 222.229, 215.245, 217.565
2 procesos  205.963, 198.244, 212.917, 216.965, 179.391, 172.851
3 procesos  147.178, 167.344, 162.088, 145.628, 156.084, 225.113
4 procesos  151.933, 161.780, 155.976, 157.526, 164.542, 165.662
6 procesos  250.907, 205.305, 219.970, 205.515, 274.490, 202.104

100000 itearciones
secuencial 2179.315, 2130.536, 2266.821, 2181.435, 2474.017, 2433.748
2 procesos  900.962, 882.956, 953.794, 929.005, 897.079, 942.242
3 procesos  814.615, 838.227, 861.417, 923.904, 873.271, 913.721
4 procesos  1064.581, 1122.437, 1105.625, 1035.177, 1163.704, 1181.391
6 procesos  1721.171, 1707.855, 1682.747, 1748.145, 1754.952, 1722.047

1000000 itearciones
secuencial 24245.304, 22660.892, 23451.136, 21650.518, 22288.393, 25095.414
2 procesos  20825.467, 26804.411, 25834.617, 25867.049, 22992.738, 26260.584
3 procesos  17656.063, 23279.852, 24318.754, 24446.330, 24030.294, 22529.484
4 procesos  17450.669, 20501.841, 21643.173, 22332.068, 23333.825, 21906.611
6 procesos  22130.626, 24499.081, 24321.477, 24386.423, 24511.248, 24493.029

----

PARA 24 CUERPOS
100 itearciones
secuencial 8.580, 8.399, 8.003, 8.296, 7.843, 8.003
2 procesos 5.393, 5.549, 5.178, 5.375, 5.194, 5.208
4 procesos 3.849, 4.012, 3.770, 4.015, 3.780, 3.789
6 procesos 3.948, 4.787, 4.784, 4.507, 4.932, 4.012

10000 itearciones
secuencial 744.089, 735.373, 749.841, 756.710, 726.086, 730.431
2 procesos 506.252, 507.527, 508.371, 534.134, 547.413, 539.414
4 procesos 408.298, 397.818, 405.890, 422.021, 414.826, 392.202
6 procesos 444.942, 461.120, 491.816, 473.821, 454.590, 457.051

100000 itearciones
secuencial 7400.287, 7362.057, 7605.638, 7803.482, 8382.830, 8071.853
2 procesos 5314.108, 5566.777, 6356.452, 6312.436, 6165.519, 6355.020
4 procesos 4039.355, 4067.147, 4085.736, 4216.922, 4680.729, 4886.116
6 procesos 4524.214, 4262.396, 4309.078, 4931.605, 5401.054, 5366.342
